$MeshFormat
2.2 0 8
$EndMeshFormat
$Nodes
103
1 5.118147852588493 -3.4075106217223716 0.0
2 6.544124857683456 -2.486944030585853 0.0
3 7.4029921687649525 -1.6906317480757276 0.0
4 7.969873177565114 -0.7463412188996129 0.0
5 8.201040460062895 0.31251371604197964 0.0
6 8.175652644195159 0.9236581682042817 0.0
7 8.040287043761627 1.5376533678828903 0.0
8 7.790711707772665 2.1516174689989525 0.0
9 7.4517207780404435 2.7012817878962867 0.0
10 7.025077518286915 3.185971818559473 0.0
11 6.520140473034036 3.5883029453031146 0.0
12 5.97739030298911 3.8696193034348663 0.0
13 5.481919282877943 3.9836230773436743 0.0
14 4.975189144867977 3.869769381717749 0.0
15 4.599714702577757 3.4393951093935815 0.0
16 4.337038383883356 2.633008731825354 0.0
17 4.2081528861669035 1.5528175380027527 0.0
18 4.220635707293588 0.44763061978488816 0.0
19 4.356721962739473 -0.6321582123437735 0.0
20 5.118147852588493 -3.4075106217223716 0.0
21 5.593473520952217 -3.100655091344348 0.0
22 6.068799189317077 -2.7937995609655903 0.0
23 6.973558513223729 -2.088787889331231 0.0
24 7.686432673163998 -1.218486483489395 0.0
25 8.085456818813661 -0.2169137514303895 0.0
26 4.272595635025354 2.092913134915933 0.0
27 4.214394296730228 1.000224078895382 0.0
28 4.2886788350163565 -0.09226379627806092 0.0
29 4.54707843520119 -1.32599631468646 0.0
30 4.7374349076629185 -2.019834417029191 0.0
31 4.927791380126 -2.713672519376856 0.0
32 6.206137047204259 0.4894257741977595 0.0
33 5.884079332718319 2.0470667571913936 0.0
34 6.232955618518169 -0.8856741482938487 0.0
35 5.433064024934081 -0.18295216634137007 0.0
36 6.792123824098468 1.3239865976970566 0.0
37 5.312861752894845 1.141282302887637 0.0
38 5.397741229346017 2.978971745150047 0.0
39 7.036544864086886 -0.18257748502508372 0.0
40 5.767201081260292 -1.8050452579848115 0.0
41 5.045480788607438 2.1530361046994457 0.0
42 7.271313366881703 0.635448588715805 0.0
43 6.7107988756259225 2.2713793726751503 0.0
44 6.143938689957278 1.293554487679275 0.0
45 5.415147393894706 -1.0560025579268542 0.0
46 4.980108522396904 0.42057935515997 0.0
47 6.986589117722721 -0.8314209881701866 0.0
48 6.261195323295706 2.9650564646617483 0.0
49 6.056461738596155 -0.288374782227185 0.0
50 5.017768494656245 1.583518229008547 0.0
51 6.34375496082873 -1.5648873300744057 0.0
52 5.600641193987276 0.3516311564868749 0.0
53 4.861346080376724 2.8856119847253865 0.0
54 4.967188915933143 -0.6892641949759268 0.0
55 7.6041992062666095 0.14934669651860286 0.0
56 6.734393589889937 0.7747509251556904 0.0
57 5.489791102577192 -2.353053756476113 0.0
58 7.4771408249142555 1.266872667081304 0.0
59 5.518692462869443 1.6400271315677832 0.0
60 4.779324065179356 0.8542692251758031 0.0
61 5.329653844055768 3.4767307780480414 0.0
62 7.443083403493878 -0.6924164563110273 0.0
63 4.840452189546676 -0.11251578185988557 0.0
64 6.398697127813073 1.78158359518749 0.0
65 5.859331907633641 3.326574004876133 0.0
66 7.157700138986243 1.8661502536422652 0.0
67 6.794853251878529 0.3380522040852672 0.0
68 5.207967529301413 -1.5885076895198285 0.0
69 6.5571712931695405 -0.5153924767303358 0.0
70 5.795296278133483 0.8779348955649275 0.0
71 6.075585435161014 -2.234999004323598 0.0
72 5.57851022559171 2.442490702024358 0.0
73 6.899259722291868 -1.4887586173229828 0.0
74 5.714280777814396 -0.6352262409545437 0.0
75 5.889372926620604 -1.2901669434220686 0.0
76 7.767806229668238 0.5776449461497288 0.0
77 6.206363618054646 2.4332502182346554 0.0
78 6.748501270250798 2.769717346374773 0.0
79 4.663012362506901 2.3338565238942737 0.0
80 4.548520351516186 1.3559953598867047 0.0
81 4.621839863886576 0.303539924396543 0.0
82 5.034345568582613 -1.1649426892772674 0.0
83 5.322650154230001 0.6765823975357632 0.0
84 6.556169336113626 -1.9918757397048623 0.0
85 7.171507910618924 0.23384838821517684 0.0
86 6.301974796228478 0.8856847761671389 0.0
87 6.629860153870072 -1.115350301730679 0.0
88 6.413809728116582 0.022994077269729546 0.0
89 7.0687429014460905 1.000264694662464 0.0
90 7.616459928858697 1.7055734394013529 0.0
91 5.7399554387943885 1.3178199134101243 0.0
92 5.665302718697325 3.655070179321016 0.0
93 5.860628460784344 2.8292686269893887 0.0
94 4.9732264827375445 3.2910566134300887 0.0
95 5.42474198331171 2.0214335383906255 0.0
96 5.951903288088697 0.13798396355357356 0.0
97 4.596504685013654 1.8292965998154938 0.0
98 5.139001985940627 2.5845937193514663 0.0
99 5.931092497911976 1.6310189989491382 0.0
100 7.283671417087483 -1.1843428586738638 0.0
101 7.145863834516005 2.374987813692193 0.0
102 5.256501575021094 0.16961662658780882 0.0
103 7.661315994968787 -0.30245728293311724 0.0
$EndNodes
$Elements
173
1 2 0  36 44 86
2 2 0  6 58 76
3 2 0  11 48 78
4 2 0  30 57 68
5 2 0  64 36 66
6 2 0  60 18 81
7 2 0  57 40 68
8 2 0  43 64 66
9 2 0  56 36 86
10 2 0  10 11 78
11 2 0  27 18 60
12 2 0  35 54 74
13 2 0  44 36 64
14 2 0  58 42 76
15 2 0  19 54 63
16 2 0  51 71 84
17 2 0  37 50 60
18 2 0  41 79 97
19 2 0  50 41 97
20 2 0  47 39 69
21 2 0  19 29 54
22 2 0  39 47 62
23 2 0  51 40 71
24 2 0  54 45 74
25 2 0  48 11 65
26 2 0  28 19 63
27 2 0  46 60 81
28 2 0  35 49 96
29 2 0  41 50 95
30 2 0  24 4 62
31 2 0  6 7 58
32 2 0  60 50 80
33 2 0  39 67 88
34 2 0  69 39 88
35 2 0  30 31 57
36 2 0  24 62 100
37 2 0  25 5 55
38 2 0  42 67 85
39 2 0  45 68 75
40 2 0  42 56 67
41 2 0  23 73 84
42 2 0  31 21 57
43 2 0  73 51 84
44 2 0  68 40 75
45 2 0  50 59 95
46 2 0  52 35 96
47 2 0  50 37 59
48 2 0  34 74 75
49 2 0  21 22 57
50 2 0  11 12 65
51 2 0  34 49 74
52 2 0  49 35 74
53 2 0  36 58 66
54 2 0  54 29 82
55 2 0  49 34 69
56 2 0  34 51 87
57 2 0  47 69 87
58 2 0  74 45 75
59 2 0  51 34 75
60 2 0  53 79 98
61 2 0  54 35 63
62 2 0  61 38 65
63 2 0  53 16 79
64 2 0  55 39 103
65 2 0  52 32 70
66 2 0  23 3 73
67 2 0  61 65 92
68 2 0  40 51 75
69 2 0  79 41 98
70 2 0  39 62 103
71 2 0  62 47 100
72 2 0  55 5 76
73 2 0  66 58 90
74 2 0  53 38 94
75 2 0  56 32 67
76 2 0  69 34 87
77 2 0  35 52 102
78 2 0  13 14 61
79 2 0  72 33 77
80 2 0  72 77 93
81 2 0  57 22 71
82 2 0  38 61 94
83 2 0  9 10 78
84 2 0  32 52 96
85 2 0  33 64 77
86 2 0  60 46 83
87 2 0  64 43 77
88 2 0  37 60 83
89 2 0  15 53 94
90 2 0  29 30 68
91 2 0  25 55 103
92 2 0  14 15 94
93 2 0  5 6 76
94 2 0  61 14 94
95 2 0  9 78 101
96 2 0  38 53 98
97 2 0  40 57 71
98 2 0  8 9 101
99 2 0  32 56 86
100 2 0  22 2 71
101 2 0  66 8 101
102 2 0  39 55 85
103 2 0  62 4 103
104 2 0  70 32 86
105 2 0  65 38 93
106 2 0  42 55 76
107 2 0  4 25 103
108 2 0  48 77 78
109 2 0  55 42 85
110 2 0  56 42 89
111 2 0  77 43 78
112 2 0  36 56 89
113 2 0  49 69 88
114 2 0  48 65 93
115 2 0  42 58 89
116 2 0  27 60 80
117 2 0  7 8 90
118 2 0  17 27 80
119 2 0  65 12 92
120 2 0  58 36 89
121 2 0  29 68 82
122 2 0  45 54 82
123 2 0  46 63 102
124 2 0  63 35 102
125 2 0  28 63 81
126 2 0  18 28 81
127 2 0  3 24 100
128 2 0  2 23 84
129 2 0  16 26 79
130 2 0  59 37 91
131 2 0  13 61 92
132 2 0  63 46 81
133 2 0  44 70 86
134 2 0  44 64 99
135 2 0  58 7 90
136 2 0  79 26 97
137 2 0  33 59 99
138 2 0  64 33 99
139 2 0  59 33 95
140 2 0  71 2 84
141 2 0  26 17 97
142 2 0  67 39 85
143 2 0  12 13 92
144 2 0  68 45 82
145 2 0  52 70 83
146 2 0  67 32 88
147 2 0  70 37 83
148 2 0  43 66 101
149 2 0  73 3 100
150 2 0  8 66 90
151 2 0  37 70 91
152 2 0  83 46 102
153 2 0  52 83 102
154 2 0  51 73 87
155 2 0  70 44 91
156 2 0  72 38 98
157 2 0  78 43 101
158 2 0  77 48 93
159 2 0  73 47 87
160 2 0  38 72 93
161 2 0  33 72 95
162 2 0  72 41 95
163 2 0  41 72 98
164 2 0  47 73 100
165 2 0  17 80 97
166 2 0  80 50 97
167 2 0  59 91 99
168 2 0  88 32 96
169 2 0  49 88 96
170 2 0  91 44 99
171 2 0  1 21 20
172 2 0  15 16 53
173 2 0  20 21 31
$EndElements
